570165995966
420504732561
937503262952
771656810417
843731809262
859353036384
588831108284
643487794116
359108565923
592793927066
181192108800
797715962837
663400921180
926448439576
121054719562
246850461077
489899875521
958414913252
917213305599
730428579441
653125610736
498185701108
469503144793
178482823729
807541845574
846317102424
366739262445
581202870917
845209844514
232346694184
323860396240
603329073596
936123641216
085055578704
367857170727
807814093157
009837372153
463759038217
363295657240
150480758766
861343410275
162069737017
505181567039
583255133065
258430753692
832596127199
036084902778
808543189909
626873202317
391307568818
643487794116
927208415018
692154056148
013218580044
125451605605
039847964704
310308816902
234412904113
326954994501
751988582931
972386075916
480521814458
439938747402
839542951870
431642067662
086294171663
472772401723
210907520813
150480758766
960720431524
223874283082
661774067965
313186143294
435696172076
165306474637
070545025514
330697866451
201009295625
179884946654
356944199426
896545311427
902768487764
335538061341
507652390545
376468585436
529978442689
800786761914
680282423393
195204954803
969985478017
961980928627
819598947997
947439020522
996978306998
907681902392
801477204051
907681902392
203895070074
010745703617
471563399990
557853516145
711783573924
442228778261
112457830633
990720874194
498185701108
273130684704
605896089407
848667290194
372790167202
521752002903
667960931271
212464061028
591286369832
852500710812
073721799979
778688436504
105532957025
562349388702
353314013163
790837567420
459298161509
978044609714
270157623703
486227908194
187770918206
638548158586
162069737017
448586309507
015905509160
168500356584
697918851762
166567144273
788396850045
596545115582
215461878864
311541805612
116756356440
145387197359
869934437643
535128371931
603141861788
811341013045
782080859950
540930659691
015554567634
178917862618
615912515622
074029819837
477148302046
546166081720
782080859950
042186652854
687797576474
210907520813
023310948293
148061033758
426924042941
157574948542
571019403767
535128371931
829082558151
086294171663
036467045711
493716689943
386703845517
649269905813
548237446548
425592849380
904044179475
262431743325
758959502685
272626515670
246229330538
009136721866
257561809425
472148638398
340027635932
677217378808
868762989742
568767099597
034038534964
455927057424
421488695411
536512480823
806130844820
174438280446
962522075261
476825602839
246850461077
217110023841
217110023841
284651512693
029062836452
431395226005
832574880099
665319595002
613221416900
767617067582
948503792029
495276733380
704528483299
032699119184
827729674804
399295364723
541676004349
115660307024
692780403521
606284642806
604618038098
342424375279
610350946659
700558705716
038829732277
198740551416
491464905171
412632549708
470889634036
022799198329
857693886250
882535736628
855405860026
817761321638
996620799011
289562961437
429864910751
410517219430
344961035846
864559100448
707245294550
478780794271
477438997891
205609515016
859994533644
903648199379